{"b_init":[[-0.0554,-0.1454,-0.2086,-0.2447],[0.108,0.1505,0.1883,0.2011],[0.3463,0.4568,0.4514,0.4268],[0.191,0.165,0.1905,0.2323],[0.6266,0.6667,0.6988,0.7252]],"site":["site9"],"site_size":[100],"logL_D1":[[-0.0513,0.9246,-0.1736,0.0673,-0.3559],[0.1351,0.5842,0.0041,-0.0249,-0.292],[0.3282,0.0295,-0.0306,-0.1655,-0.1771],[0.3061,-0.3711,-0.1654,-0.2197,-0.0749]],"logL_D2":[[[0.626,0.0784,-0.0168,0.0171,-0.0835],[0.0784,1.6581,0.0279,0.0028,-0.0387],[-0.0168,0.0279,0.6004,-0.0579,-0.0856],[0.0171,0.0028,-0.0579,0.2705,0.0809],[-0.0835,-0.0387,-0.0856,0.0809,0.5017]],[[1.2053,0.2695,-0.009,0.0113,-0.097],[0.2695,3.3301,0.0603,-0.0166,-0.0145],[-0.009,0.0603,1.1475,-0.125,-0.1569],[0.0113,-0.0166,-0.125,0.466,0.1399],[-0.097,-0.0145,-0.1569,0.1399,0.8942]],[[1.5802,0.422,0.0677,0.0046,-0.0277],[0.422,4.381,0.147,-0.079,-0.026],[0.0677,0.147,1.5358,-0.1809,-0.1959],[0.0046,-0.079,-0.1809,0.5341,0.1287],[-0.0277,-0.026,-0.1959,0.1287,1.0733]],[[1.2382,0.367,0.1044,0.0016,0.0288],[0.367,3.4368,0.1558,-0.1,-0.0457],[0.1044,0.1558,1.2211,-0.1545,-0.1463],[0.0016,-0.1,-0.1545,0.3765,0.0595],[0.0288,-0.0457,-0.1463,0.0595,0.7883]]]}
