{"b_init":[[-0.0554,-0.1454,-0.2086,-0.2447],[0.108,0.1505,0.1883,0.2011],[0.3463,0.4568,0.4514,0.4268],[0.191,0.165,0.1905,0.2323],[0.6266,0.6667,0.6988,0.7252]],"site":["site4"],"site_size":[300],"logL_D1":[[0.0795,-0.243,-0.162,-0.1435,0.0165],[-0.0211,-0.2505,-0.2375,-0.1236,-0.0297],[-0.0266,-0.1567,-0.1973,-0.0558,-0.1168],[0.0168,-0.0703,-0.0936,-0.0211,-0.1962]],"logL_D2":[[[0.1618,0.0183,-0.0166,-0.0015,0.0034],[0.0183,0.7196,0.009,0.0002,0.0443],[-0.0166,0.009,0.1528,0.0046,0.0008],[-0.0015,0.0002,0.0046,0.0368,0.0012],[0.0034,0.0443,0.0008,0.0012,0.143]],[[0.4531,0.0565,-0.045,-0.0006,0.0088],[0.0565,2.0284,0.0247,-0.0035,0.1199],[-0.045,0.0247,0.4194,0.0103,0.0016],[-0.0006,-0.0035,0.0103,0.0989,0.0028],[0.0088,0.1199,0.0016,0.0028,0.4072]],[[0.7245,0.1015,-0.0704,0.0016,0.0168],[0.1015,3.2601,0.0427,-0.008,0.1947],[-0.0704,0.0427,0.6761,0.0149,0.0027],[0.0016,-0.008,0.0149,0.1599,0.0058],[0.0168,0.1947,0.0027,0.0058,0.6583]],[[0.6187,0.0901,-0.059,0.0027,0.0155],[0.0901,2.7912,0.0375,-0.0074,0.1673],[-0.059,0.0375,0.5839,0.0121,0.0024],[0.0027,-0.0074,0.0121,0.1409,0.0066],[0.0155,0.1673,0.0024,0.0066,0.5667]]]}
