{"b_init":[[-0.0554,-0.1454,-0.2086,-0.2447],[0.108,0.1505,0.1883,0.2011],[0.3463,0.4568,0.4514,0.4268],[0.191,0.165,0.1905,0.2323],[0.6266,0.6667,0.6988,0.7252]],"site":["site10"],"site_size":[100],"logL_D1":[[-0.1284,-0.0963,-0.2238,0.0201,-0.0317],[-0.0033,-0.8227,-0.4441,0.1024,-0.063],[-0.0132,-1.1685,-0.3579,0.1345,-0.2825],[-0.0998,-0.8933,-0.1009,0.0866,-0.256]],"logL_D2":[[[0.8028,0.1442,-0.0153,-0.0205,-0.1366],[0.1442,4.1128,-0.046,-0.075,-0.1847],[-0.0153,-0.046,0.8026,-0.0916,0.0189],[-0.0205,-0.075,-0.0916,0.6321,0.0478],[-0.1366,-0.1847,0.0189,0.0478,0.6392]],[[1.3486,0.2636,-0.0003,-0.0462,-0.207],[0.2636,6.9809,-0.1712,-0.0158,-0.2752],[-0.0003,-0.1712,1.3484,-0.1601,0.0232],[-0.0462,-0.0158,-0.1601,1.0652,0.1167],[-0.207,-0.2752,0.0232,0.1167,1.0364]],[[1.5195,0.2877,0.0297,-0.0448,-0.1674],[0.2877,8.0195,-0.2902,0.0795,-0.249],[0.0297,-0.2902,1.5124,-0.1852,0.02],[-0.0448,0.0795,-0.1852,1.2175,0.142],[-0.1674,-0.249,0.02,0.142,1.0193]],[[1.0162,0.1816,0.0443,-0.0257,-0.0635],[0.1816,5.4848,-0.2544,0.1067,-0.1294],[0.0443,-0.2544,0.994,-0.1182,0.0159],[-0.0257,0.1067,-0.1182,0.8274,0.1026],[-0.0635,-0.1294,0.0159,0.1026,0.5674]]]}
