{"b_init":[[-0.0554,-0.1454,-0.2086,-0.2447],[0.108,0.1505,0.1883,0.2011],[0.3463,0.4568,0.4514,0.4268],[0.191,0.165,0.1905,0.2323],[0.6266,0.6667,0.6988,0.7252]],"site":["site6"],"site_size":[300],"logL_D1":[[-0.0106,-0.1022,-0.0736,0.0148,0.0576],[-0.084,-0.0382,0.2023,-0.1328,0.0657],[-0.0364,-0.1457,0.2773,-0.378,-0.0049],[-0.0887,-0.2683,0.1164,-0.3689,-0.0431]],"logL_D2":[[[0.1836,0.0205,-0.0005,0.0063,-0.0066],[0.0205,0.8312,0.0315,0.0241,0.0018],[-0.0005,0.0315,0.175,0.0045,-0.0102],[0.0063,0.0241,0.0045,0.0849,-0.0016],[-0.0066,0.0018,-0.0102,-0.0016,0.1456]],[[0.8583,0.1012,0.0074,0.0312,-0.0322],[0.1012,3.9506,0.1505,0.1164,0.0334],[0.0074,0.1505,0.8001,0.0264,-0.048],[0.0312,0.1164,0.0264,0.3852,-0.0065],[-0.0322,0.0334,-0.048,-0.0065,0.6826]],[[1.8188,0.2345,0.0406,0.062,-0.0409],[0.2345,8.4842,0.3101,0.2479,0.11],[0.0406,0.3101,1.7122,0.0635,-0.1171],[0.062,0.2479,0.0635,0.8193,-0.0007],[-0.0409,0.11,-0.1171,-0.0007,1.4539]],[[1.8062,0.2419,0.0524,0.062,-0.0285],[0.2419,8.4702,0.3122,0.2483,0.125],[0.0524,0.3122,1.7193,0.0681,-0.1236],[0.062,0.2483,0.0681,0.8333,0.0025],[-0.0285,0.125,-0.1236,0.0025,1.4583]]]}
