{"b_init":[[-0.0554,-0.1454,-0.2086,-0.2447],[0.108,0.1505,0.1883,0.2011],[0.3463,0.4568,0.4514,0.4268],[0.191,0.165,0.1905,0.2323],[0.6266,0.6667,0.6988,0.7252]],"site":["site2"],"site_size":[300],"logL_D1":[[-0.2026,0.4176,0.1801,0.0189,-0.1919],[-0.1664,0.9587,0.3942,-0.1985,-0.1103],[-0.1954,1.7551,0.336,-0.3517,0.4985],[-0.0992,1.4286,0.0581,-0.2881,0.7009]],"logL_D2":[[[0.9086,-0.0986,0.033,-0.022,-0.0108],[-0.0986,3.3999,-0.0921,0.017,-0.1831],[0.033,-0.0921,0.9011,0.0099,0.0125],[-0.022,0.017,0.0099,0.1881,0.0319],[-0.0108,-0.1831,0.0125,0.0319,0.569]],[[2.1022,-0.3008,0.0459,-0.0661,-0.0175],[-0.3008,8.1564,-0.2311,0.0326,-0.4559],[0.0459,-0.2311,2.0771,0.0207,0.0115],[-0.0661,0.0326,0.0207,0.3951,0.0466],[-0.0175,-0.4559,0.0115,0.0466,1.283]],[[3.1088,-0.5136,0.056,-0.1135,-0.0363],[-0.5136,12.6414,-0.3808,0.0096,-0.7161],[0.056,-0.3808,3.1035,0.0044,0.0431],[-0.1135,0.0096,0.0044,0.5239,0.0519],[-0.0363,-0.7161,0.0431,0.0519,1.8973]],[[2.5201,-0.4457,0.0403,-0.1032,-0.0401],[-0.4457,10.5368,-0.3381,-0.0179,-0.596],[0.0403,-0.3381,2.5364,-0.016,0.06],[-0.1032,-0.0179,-0.016,0.3932,0.0331],[-0.0401,-0.596,0.06,0.0331,1.547]]]}
