{"b_init":[[-0.0554,-0.1454,-0.2086,-0.2447],[0.108,0.1505,0.1883,0.2011],[0.3463,0.4568,0.4514,0.4268],[0.191,0.165,0.1905,0.2323],[0.6266,0.6667,0.6988,0.7252]],"site":["site3"],"site_size":[300],"logL_D1":[[0.3845,-0.3062,0.1845,-0.0877,0.5128],[0.7607,0.0972,0.4314,-0.1231,0.5074],[1.1355,0.7159,0.287,0.2228,0.0576],[1.0234,0.5992,0.1741,0.4755,-0.2677]],"logL_D2":[[[1.052,-0.3349,-0.0302,0.0585,0.1197],[-0.3349,4.0346,-0.2248,0.0125,-0.0361],[-0.0302,-0.2248,1.0201,0.0197,-0.1165],[0.0585,0.0125,0.0197,0.511,-0.0309],[0.1197,-0.0361,-0.1165,-0.0309,1.0186]],[[2.89,-0.7367,-0.073,0.1483,0.2969],[-0.7367,11.4958,-0.7296,0.0817,-0.2077],[-0.073,-0.7296,2.7764,-0.0253,-0.3283],[0.1483,0.0817,-0.0253,1.3106,-0.1069],[0.2969,-0.2077,-0.3283,-0.1069,2.7611]],[[4.5806,-0.9265,-0.1118,0.2378,0.3337],[-0.9265,18.891,-1.2631,0.3352,-0.3635],[-0.1118,-1.2631,4.4592,-0.1939,-0.569],[0.2378,0.3352,-0.1939,2.0767,-0.2392],[0.3337,-0.3635,-0.569,-0.2392,4.2815]],[[3.935,-0.6873,-0.0977,0.2127,0.2205],[-0.6873,16.53,-1.1576,0.4157,-0.3164],[-0.0977,-1.1576,3.8676,-0.2552,-0.513],[0.2127,0.4157,-0.2552,1.8229,-0.2472],[0.2205,-0.3164,-0.513,-0.2472,3.6354]]]}
